,TRANSACTION DATE,dayofyear,dayofweek,quarter,month,year,Predicted_Income
0,2023/03/07,66,2,1,3,2023,71871512.0
1,2023/03/14,73,2,1,3,2023,71871512.0
2,2023/03/21,80,2,1,3,2023,109906264.0
3,2023/03/28,87,2,1,3,2023,109906264.0
4,2023/04/04,94,2,2,4,2023,145803472.0
5,2023/04/11,101,2,2,4,2023,145803472.0
6,2023/04/18,108,2,2,4,2023,154760400.0
7,2023/04/25,115,2,2,4,2023,154760400.0
8,2023/05/02,122,2,2,5,2023,198619312.0
9,2023/05/09,129,2,2,5,2023,198619312.0
10,2023/05/16,136,2,2,5,2023,198619312.0
11,2023/05/23,143,2,2,5,2023,198619312.0
12,2023/05/30,150,2,2,5,2023,198619312.0
13,2023/06/06,157,2,2,6,2023,235710240.0
14,2023/06/13,164,2,2,6,2023,235710240.0
15,2023/06/20,171,2,2,6,2023,235710240.0
16,2023/06/27,178,2,2,6,2023,235710240.0
17,2023/07/04,185,2,3,7,2023,277212128.0
18,2023/07/11,192,2,3,7,2023,277212128.0
19,2023/07/18,199,2,3,7,2023,277212128.0
20,2023/07/25,206,2,3,7,2023,277212128.0
21,2023/08/01,213,2,3,8,2023,277212128.0
22,2023/08/08,220,2,3,8,2023,277212128.0
23,2023/08/15,227,2,3,8,2023,277212128.0
24,2023/08/22,234,2,3,8,2023,266416000.0
25,2023/08/29,241,2,3,8,2023,266416000.0
26,2023/09/05,248,2,3,9,2023,266416000.0
27,2023/09/12,255,2,3,9,2023,266416000.0
28,2023/09/19,262,2,3,9,2023,180289664.0
29,2023/09/26,269,2,3,9,2023,180289664.0
30,2023/10/03,276,2,4,10,2023,180289664.0
31,2023/10/10,283,2,4,10,2023,180289664.0
32,2023/10/17,290,2,4,10,2023,102364704.0
33,2023/10/24,297,2,4,10,2023,102364704.0
34,2023/10/31,304,2,4,10,2023,102364704.0
35,2023/11/07,311,2,4,11,2023,102364704.0
36,2023/11/14,318,2,4,11,2023,102364704.0
37,2023/11/21,325,2,4,11,2023,75216264.0
38,2023/11/28,332,2,4,11,2023,75216264.0
39,2023/12/05,339,2,4,12,2023,42576956.0
40,2023/12/12,346,2,4,12,2023,42576956.0
41,2023/12/19,353,2,4,12,2023,42576956.0
42,2023/12/26,360,2,4,12,2023,42576956.0
43,2024/01/02,2,2,1,1,2024,26365238.0
44,2024/01/09,9,2,1,1,2024,26365238.0
45,2024/01/16,16,2,1,1,2024,26365238.0
46,2024/01/23,23,2,1,1,2024,26365238.0
47,2024/01/30,30,2,1,1,2024,26365238.0
48,2024/02/06,37,2,1,2,2024,26365238.0
49,2024/02/13,44,2,1,2,2024,26365238.0
50,2024/02/20,51,2,1,2,2024,40957760.0
51,2024/02/27,58,2,1,2,2024,40957760.0
52,2024/03/05,65,2,1,3,2024,71871512.0
53,2024/03/12,72,2,1,3,2024,71871512.0
54,2024/03/19,79,2,1,3,2024,109906264.0
55,2024/03/26,86,2,1,3,2024,109906264.0
56,2024/04/02,93,2,2,4,2024,145803472.0
57,2024/04/09,100,2,2,4,2024,145803472.0
58,2024/04/16,107,2,2,4,2024,154760400.0
59,2024/04/23,114,2,2,4,2024,154760400.0
60,2024/04/30,121,2,2,4,2024,154760400.0
61,2024/05/07,128,2,2,5,2024,198619312.0
62,2024/05/14,135,2,2,5,2024,198619312.0
63,2024/05/21,142,2,2,5,2024,198619312.0
64,2024/05/28,149,2,2,5,2024,198619312.0
65,2024/06/04,156,2,2,6,2024,235710240.0
66,2024/06/11,163,2,2,6,2024,235710240.0
67,2024/06/18,170,2,2,6,2024,235710240.0
68,2024/06/25,177,2,2,6,2024,235710240.0
