,TRANSACTION DATE,dayofyear,dayofweek,quarter,month,year,Predicted_Income
0,3/31/2023,90,5,1,3,2023,109906264.0
1,4/30/2023,120,0,2,4,2023,154760400.0
2,5/31/2023,151,3,2,5,2023,198619312.0
3,6/30/2023,181,5,2,6,2023,235710240.0
4,7/31/2023,212,1,3,7,2023,277212128.0
5,8/31/2023,243,4,3,8,2023,266416000.0
6,9/30/2023,273,6,3,9,2023,174865344.0
7,10/31/2023,304,2,4,10,2023,102364704.0
8,11/30/2023,334,4,4,11,2023,75216264.0
9,12/31/2023,365,0,4,12,2023,42576956.0
10,1/31/2024,31,3,1,1,2024,26365238.0
11,2/29/2024,60,4,1,2,2024,40957760.0
12,3/31/2024,91,0,1,3,2024,84497384.0
13,4/30/2024,121,2,2,4,2024,154760400.0
14,5/31/2024,152,5,2,5,2024,198619312.0
15,6/30/2024,182,0,2,6,2024,235710240.0
16,7/31/2024,213,3,3,7,2024,277212128.0
17,8/31/2024,244,6,3,8,2024,266416000.0
